>> A = randi([-20,20],7,4)

A =

    -6     6   -13    -1
    13    -2    -5    -3
   -20     2     5    -2
   -19    -8    11    -8
   -14    10   -17     0
     6   -13    18     0
    10     8    11    13

>> b = randi([-20,20],7,1)

b =

    12
     6
    -5
    13
     1
    -6
    18

>> [x,nr] = miaqr(A,b)

x =

    0.5023
    2.5325
    1.1667
   -2.1687


nr =

   22.8572

>> A\b

ans =

    0.5023
    2.5325
    1.1667
   -2.1687

>> A = randi([-20,20],7,4)

A =

    15   -11    -8   -16
     2    14    17   -10
     5   -13    -3    -4
     4   -11   -13     4
   -12   -14    17   -10
    -8   -11    20     4
    -1    -3    -3     9

>> b = randi([-20,20],7,1)

b =

   -11
   -16
    -8
    -7
    -3
     0
   -17

>> [x,nr] = miaqr(A,b)

x =

   -1.2544
    0.2774
   -0.6423
   -0.2978


nr =

   22.2472

>> A\b

ans =

   -1.2544
    0.2774
   -0.6423
   -0.2978

>> 