>> cond(A)

ans =

   56.0604

>> cond(b)

ans =

     1

>> cond(D*A)

ans =   

   95.6191

>> cond(D1*A)

ans =

   56.0604