mialu(A1,b1)-[1 1 1 1 1]'

ans =

   1.0e-15 *

         0
   -0.1110
         0
         0
    0.2220

mialu(A2,b2)-[1 1 1 1 1]'

ans =

   1.0e-06 *

    0.3523
   -0.4462
   -0.0989
   -0.2071
   -0.0116

>> cond(A1)

ans =

    2.5000

>> cond(A2)

ans =

   1.0000e+10

>> cond(b1)

ans =

     1

>> cond(b2)

ans =

     1

>> 