[A1,A2,b1,b2]=linsis(5)

A1 =

    0.0659   -0.4423    0.2073   -0.5127    0.3531
    0.7016   -0.2493   -0.1158    0.1664   -0.0385
   -0.1391   -0.4272    0.4168    0.2575   -0.0030
    0.2598   -0.4140   -0.0020   -0.2632   -0.6674
    0.0654   -0.2921   -0.6037   -0.1323    0.5153


A2 =

   -0.2172   -0.0838    0.2868   -0.3463    0.3624
    0.3869    0.1493   -0.0275    0.3514   -0.0281
   -0.1833   -0.3713    0.4292    0.2834   -0.0016
   -0.0576   -0.0121    0.0871   -0.0767   -0.6569
   -0.1544   -0.0139   -0.5420   -0.0032    0.5225


b1 =

   -0.3287
    0.4645
    0.1050
   -1.0869
   -0.4475


b2 =

    0.0019
    0.8320
    0.1565
   -0.7163
   -0.1910

mialu(A1,b1)

ans =

    1.0000
    1.0000
    1.0000
    1.0000
    1.0000

mialu(A2,b2)

ans =

    1.0000
    1.0000
    1.0000
    1.0000
    1.0000