[A1,A2,b1,b2] = linsis(5,1)

A1 =

    0.7625    0.0003    0.1094    0.0730    0.1782
    0.0003    0.7442    0.0084    0.1772    0.1085
    0.1094    0.0084    0.6419    0.0332   -0.1291
    0.0730    0.1772    0.0332    0.8375   -0.1198
    0.1782    0.1085   -0.1291   -0.1198    0.8139


A2 =

    0.5197   -0.2696    0.0716   -0.1992   -0.0102
   -0.2696    0.4441   -0.0337   -0.1254   -0.1010
    0.0716   -0.0337    0.6360   -0.0092   -0.1585
   -0.1992   -0.1254   -0.0092    0.5324   -0.3310
   -0.0102   -0.1010   -0.1585   -0.3310    0.6677


b1 =

    1.1234
    1.0385
    0.6638
    1.0011
    0.8517


b2 =

    0.1124
   -0.0855
    0.5063
   -0.1323
    0.0670

>> x1 = mialdl(A1,b1)

x1 =

    1.0000
    1.0000
    1.0000
    1.0000
    1.0000

>> x2 = mialdl(A2,b2)

x2 =

    1.0000
    1.0000
    1.0000
    1.0000
    1.0000

>> x1 - [1 1 1 1 1]'

ans =

   1.0e-15 *

         0
   -0.4441
   -0.1110
   -0.1110
         0

>> x2 - [1 1 1 1 1]'

ans =

   1.0e-06 *

    0.3138
    0.3488
    0.0489
    0.3518
    0.2435

>> 