>> A = randi(20,4)

A =

    19    20    20    18
     4     2     1     2
    17     9    16     8
    11     3    17     6

>> x = randi(20,[4,1])

x =

    17
     9
    19
     4

>> b = A*x

b =

   955
   113
   706
   561

>> mialu(A,b)

ans =

   17.0000
    9.0000
   19.0000
    4.0000

>> A = randi(50,5)

A =

    14    28    26    10    48
     8     8    21    12    25
     7    43     4    21    25
    44    32    12     3    17
    29    18     7    46    46

>> x = randi(50,[5,1])

x =

    19
     6
    40
    20
    13

>> b = A*x

b =

        2298
        1605
        1296
        1789
        2457

>> mialu(A,b)

ans =

   19.0000
    6.0000
   40.0000
   20.0000
   13.0000

>> 